$ANSIBLE_VAULT;1.1;AES256
65313164393632333163333638323663353864373538626331666134666236636637396233383061
3137663763353734393932663766353861323738616538340a653632623862643136303862393961
30343463316332303534383061623236656239646264393234366230326266636432383838316139
3936633035333866640a366262363234313864333931313362376461633532646131353162633533
38623164323763396537656534353131316636663766623339633539333164336337373638323661
33353762396465663064303234613964396464373436633463616136396632363764376438626365
38343761343636316431643838396430363431373564363163336434666532353135646130646137
34323631336132613761626565316232353731646637386462316563633465323833376130633664
31663438626338613362336333306164636235636661623434646330383733353036366664646132
30663761373531313136353262376437313337643665646661393731303361393162633564363763
36383231306139356138613364333034626339306464376563316463643032656365396138306338
30633766366562313431393037383365636463653336363064386137633435623863396532656431
33356131316661303732666134643335336437653034363361303132346432643831353339643931
37393436323966663238353632636337353933383833633730303161343630393837616333313835
65616565646537356564633265643466373364643035353436346135653139663063613638666536
65633164396137643138653564656364306262653533356261333633343934316162663265643866
66346631323464373535316630323231353038376335613232336439343638353861326266373634
31323834636638396165366532653437313537323233633238626164623566653239653237336534
65316238666339643634613431383439326132633062666334666336313435346136666330623835
64616236326134626536326133396339356638613439363164343662363039343163313863373932
30306431656463633665353230633361363165643435356666386139366263653735323130386330
38353538383334316365316436613137636363636566393338343364396262386132383063623135
63323465376634306162393330323565393439383461656130363266326362393838613661623237
36623834393236653233393137383034336535336531393962343139646562353630623437376332
61623534636665313765663032633464656637323165643732303533393331323566303662616238
64353365343563393437373065633736323264373839643932303664653732383334313436626236
63653466616235623531366232333964663735333932306166653534396664363830623464353839
61646635646166343764323162366531653563616163383438353766623134653434333430353030
31313765303737376235666563613966353464656338383832303835383236303435336133383731
39363333303163653863306263333836363638343332633766363538636165313230643037356465
33646462633732346430393862393866396465656337363232333762343536663237323364313039
66616436393161313566623034393731353665316265313435333866383635326131663830633031
36343335663134633932346331306230366435306336306431353333366432366233653462393037
66303936636337313435633132363031306562316134366530636361313864356261646435626632
63376266623362663664323033316466646230373939376335376366363766333939313361316663
61336234666564623236396238633430663336626530363636666632386138636632373036623632
35386236353237643734393566303164363761343037623063323866393162633562366161343861
61323661313564356638363839353837316336626638393238326361343332323564633136616538
39393335616564663561653561336231336632623430383036623135306533393338383937356637
62323464326136353937663765306562343634386232363337646531393261313035353934633138
33323030393861643939636465303334616431666162386238393933666131643966363435613564
64313238333434653466666538303235383063303364663337363334623039376532363938346130
36343938373330303732616633616433636335393439343639353333306134306263643531363863
39656533386362653632313033393439383737366138653937376538316230666132313836626461
39363732353234393164306633333066646564623733663566303662313530643532
