$ANSIBLE_VAULT;1.1;AES256
62616631626263646163396639666531373061333437656562316530393766316630326366353435
3733386339336362633661306632333032373438643434620a626334376563333166663234643530
61303264646238343565313730323436616138343537313936373730316331383134336130383264
6265333363376235650a316638306533323464366330636630666133663163313232643633663366
65303165303563373566613533356530363231356462343133333061323864363431636338353238
36323431326663653137326636613538623437326566396233363466393039333964336565656338
62343639366133393934623538346461306639333235633835363431643939306536313532656536
39346633623634313961613535623931373732313833373861633865376636666432303430353732
62396665643061336337663463383966616236663835646236323036323037633736363666616262
31633363653233366337366235323766386265303634386362363364323039363634306632316363
61363634646336613336616639633261383764313864353861386534336661393836383537666238
39663536333331633163366162343861313037666461376363303138666538316463623366343830
33323963633736646339663261316437353962633162353539386433396164326334316335616162
37316534663430623832616631356630303764366630306664363063306130393639663766393439
61616136646562373936316330663035383235303230663232666463663031373332616639386563
62663139336230663264313866623831383637623837336237633432653033613732323936646136
36316265336561323833666630386139313266353737636136326439663830353531356162633038
6662336361316331323961386332383838636363663434353761
