$ANSIBLE_VAULT;1.1;AES256
33663864636137333562616430613531373434323533626531356263306461323532336236656435
3466636530333963353562633939613636373835633361610a386363636230393930336534323232
33653237313562343233343331303863653539626137323865613134356330623630353731626333
3438373636623635660a316533313832353963623439303164343933346462316561393466383034
66383239353632363939326463613266336533356361386236393032326337336235366462616264
61663531643165666166373763633264346438653434656638653430666437343334616165613437
36316132333266303131313430316331386432653736316262343931666439346535303364333565
30333164653532663231376661626231396538303431373766356665356137343231613733343235
65613864386563353930333039633839326433333865663661323634383232326433393564616130
31393837656264306634363064313533663864303761323836353636326461666666343334366637
38333837643066636231383561306233663739373263366331363930316632326365633661323466
38383063313738613266653762356537373037633937373739333064383134353062323533656133
37313730386431653834666436613961356362613663656434616439393462363138646361666465
35653765646330393766643837356430633835303361383433323966306662363964396361383539
61383634396561353036373463316162643235383665646436373866373936353034336433343034
30393236393962663762
