$ANSIBLE_VAULT;1.1;AES256
39303632646438646332623738623338303064643566333430353265303837393839306234643465
3464333236356361616164396234666263316363663565640a646430383036393664356564613835
36663838346162326363646165663733613436306535303633343763646530323436366265356161
6264656238373233310a366262313561343263303065363065623039353733333866313261656534
34656562656331333564376137633936373737646434316232663738376666386663316234353834
61333063663833396234316638313836373665383533653737663566306363313930613764333234
64353639666433326635626466636138353832323134366331333965616533383633613430653433
39313230376461656232613865633937386334623639316435653562396335653333393563376636
62646433613663623938336235623936366138396564313663643737376339323631333830326663
61646232396535623838313139306236346562326534393335626130353137656263383635343961
33386139666532613735313634336561623631376635346235306462383332613731343063393261
62646430383063356438643833393061616535666331313231393461336666343633306662366361
36336165353639346430656630366665323264386262306638326265363235653665653435326564
65353566653439666534373863633762626666623537383232623132326134353233663065346438
37666362343839323465346637326532613139633166326366623964363061393632616236313137
61376565373630613839
